18
59
73 41
52 40 36
26 53 06 34
40 51 87 86 81
61 95 66 57 77 68
90 81 80 38 92 67 73
45 28 51 76 81 18 75 86
84 76 95 87 62 81 17 78 58
33 46 71 58 02 79 62 88 31 79
56 34 35 53 78 31 81 18 90 93 15
78 92 95 21 84 93 32 13 97 11 37 69
45 93 81 79 05 18 78 86 13 65 63 99 95
92 87 70 48 03 38 42 17 82 87 58 07 87 57
86 93 51 57 17 93 09 07 75 97 95 78 87 99 53
67 91 59 80 88 99 94 65 55 77 55 84 27 53 78 28
88 99 41 94 87 16 09 42 75 69 23 95 28 60 10 79 87
12 86 95 26 98 36 32 84 98 60 13 12 36 16 63 31 91 35
